10000 96888.4
10100 83947.3
10200 73355.4
10300 64607.5
10400 57320.9
10500 51203.1
10600 46028.1
10700 41619.8
10800 37839.7
10900 34578.1
11000 31747.4
11300 25198.6
11600 20654.1
11900 17377.0
12200 14934.5
12500 13061.3
12800 11588.4
13100 10404.8
13400 9435.3
13700 8627.61
14000 7944.86
14400 7183.46
14800 6552.08
15200 6019.79
15600 5564.81
16000 5171.41
16400 4827.96
16800 4525.70
17200 4257.86
17800 3909.37
18500 3567.95
19200 3282.02
20000 3008.76
21000 2729.69
22000 2504.00
23000 2319.16
25000 2037.65
27000 1835.85
29000 1684.86
31000 1567.12
35000 1391.50
40000 1232.44
45000 1108.37
50000 1006.25
55000 920.77
60000 848.96
65000 788.54
70000 737.60
75000 694.38
80000 657.43
90000 597.70
100000 551.36
110000 514.10
120000 483.49
140000 437.08
160000 405.28
200000 356.76
225000 306.511
250000 221.75
300000 40.56
