1400 62413
1425 49539
1450 39980
1475 32759
1500 27216
1550 19492
1600 14566
1650 11282
1700 9005
1750 7375
1800 6173
1850 5263
1900 4559
1950 4004
2000 3558
2050 3195
2100 2893
2150 2641
2200 2427
2300 2084
2400 1823
2500 1617
2600 1452
2700 1315
2800 1201
2900 1103
3000 1019
3100 945
3200 880
3300 883
3400 772
3500 726
3600 684
3700 647
3800 612
3900 581
4000 553
4200 502
4400 459
4600 422
4800 391
5000 363
5400 317
5800 281
6200 253
6600 230
7000 210.4
7500 191
8000 174.5
8500 161
9000 150
9500 139.7
10000 131.2
11000 116.9
12000 105.5
13000 96.09
14000 88.15
15000 81.36
16000 75.48
17000 70.34
18000 65.82
19000 61.82
20000 58.23
21000 55.08
22000 52.23
23000 49.67
24000 47.35
26000 43.35
28000 40.03
30000 37.24
32000 34.87
34000 32.82
36000 31.02
40000 28.00
44000 25.49
48000 23.29
52000 21.27
56000 19.38
60000 17.58
70000 13.36
80000 9.68